0 0.09765625 0.4453125 0.109375 0.109375
0 0.2734375 0.556640625 0.140625 0.08203125
0 0.408203125 0.521484375 0.10546875 0.08984375
0 0.26171875 0.134765625 0.09375 0.10546875
0 0.37109375 0.2578125 0.09375 0.0703125
0 0.505859375 0.724609375 0.12109375 0.08203125
0 0.6640625 0.134765625 0.09375 0.09765625
0 0.673828125 0.37109375 0.11328125 0.1015625
0 0.60546875 0.515625 0.109375 0.078125
0 0.822265625 0.4140625 0.08203125 0.0703125
0 0.833984375 0.59765625 0.08984375 0.078125
0 0.677734375 0.75390625 0.08984375 0.0703125
0 0.896484375 0.892578125 0.08984375 0.08984375
0 0.89453125 0.162109375 0.09375 0.07421875
0 0.9453125 0.296875 0.0859375 0.0703125
0 0.93359375 0.0390625 0.0859375 0.0703125
