0 0.232421875 0.177734375 0.05859375 0.06640625
0 0.4140625 0.251953125 0.0546875 0.07421875
0 0.435546875 0.349609375 0.05078125 0.09765625
0 0.232421875 0.373046875 0.07421875 0.12890625
0 0.3515625 0.4296875 0.078125 0.1171875
0 0.11328125 0.451171875 0.0703125 0.08203125
0 0.1875 0.552734375 0.0546875 0.08203125
0 0.29296875 0.580078125 0.0703125 0.06640625
0 0.412109375 0.55859375 0.05078125 0.0859375
0 0.060546875 0.642578125 0.05078125 0.06640625
0 0.341796875 0.666015625 0.05078125 0.07421875
0 0.15625 0.7265625 0.0625 0.0859375
0 0.021484375 0.828125 0.04296875 0.09375
0 0.126953125 0.84375 0.05859375 0.0703125
0 0.2890625 0.794921875 0.046875 0.05859375
0 0.3828125 0.806640625 0.0625 0.05859375
0 0.30078125 0.9453125 0.0859375 0.1015625
