0 0.18359375 0.05078125 0.0625 0.0703125
0 0.0625 0.138671875 0.0546875 0.07421875
0 0.0234375 0.330078125 0.046875 0.11328125
0 0.013671875 0.4453125 0.02734375 0.078125
0 0.048828125 0.583984375 0.05859375 0.07421875
0 0.087890625 0.7578125 0.05859375 0.125
0 0.1796875 0.888671875 0.0546875 0.08984375
0 0.265625 0.6484375 0.0546875 0.109375
0 0.396484375 0.7109375 0.06640625 0.09375
0 0.482421875 0.8828125 0.07421875 0.1015625
0 0.693359375 0.8671875 0.05859375 0.1171875
0 0.296875 0.451171875 0.0859375 0.12109375
0 0.12890625 0.341796875 0.0625 0.08203125
0 0.15234375 0.228515625 0.0546875 0.09765625
0 0.287109375 0.294921875 0.05078125 0.05859375
0 0.345703125 0.162109375 0.05859375 0.06640625
0 0.291015625 0.083984375 0.06640625 0.06640625
0 0.40625 0.05859375 0.0546875 0.078125
