0 0.046875 0.236328125 0.09375 0.11328125
0 0.162109375 0.138671875 0.09765625 0.09765625
0 0.705078125 0.17578125 0.06640625 0.0859375
0 0.81640625 0.072265625 0.0390625 0.06640625
0 0.71875 0.380859375 0.03125 0.10546875
0 0.5546875 0.42578125 0.0625 0.0703125
0 0.4609375 0.5859375 0.0546875 0.0703125
0 0.638671875 0.615234375 0.05859375 0.08203125
0 0.529296875 0.736328125 0.05859375 0.08203125
0 0.5625 0.837890625 0.046875 0.08984375
0 0.73046875 0.962890625 0.0625 0.05859375
0 0.69921875 0.482421875 0.0625 0.08203125
0 0.857421875 0.25 0.04296875 0.09375
