0 0.884765625 0.578125 0.12109375 0.09375
0 0.87890625 0.509765625 0.125 0.06640625
0 0.896484375 0.462890625 0.11328125 0.07421875
0 0.4140625 0.46875 0.1640625 0.0546875
0 0.4453125 0.5390625 0.1640625 0.046875
0 0.498046875 0.61328125 0.23828125 0.0546875
0 0.533203125 0.689453125 0.26953125 0.05859375
0 0.546875 0.94140625 0.1171875 0.078125
0 0.6171875 0.802734375 0.109375 0.05859375
0 0.580078125 0.84375 0.11328125 0.046875
0 0.5625 0.873046875 0.1171875 0.04296875
0 0.6015625 0.38671875 0.078125 0.0703125
0 0.74609375 0.37109375 0.0859375 0.0546875
