0 0.083984375 0.21484375 0.05078125 0.0859375
0 0.298828125 0.173828125 0.09765625 0.10546875
0 0.408203125 0.236328125 0.05859375 0.08984375
0 0.3359375 0.330078125 0.0625 0.07421875
0 0.21875 0.388671875 0.046875 0.09765625
0 0.033203125 0.4140625 0.06640625 0.078125
0 0.39453125 0.47265625 0.078125 0.1171875
0 0.376953125 0.7109375 0.05078125 0.09375
0 0.3203125 0.5859375 0.0625 0.0703125
0 0.0625 0.697265625 0.078125 0.10546875
0 0.208984375 0.939453125 0.08984375 0.10546875
0 0.392578125 0.91796875 0.08203125 0.09375
