0 0.05078125 0.736328125 0.1015625 0.10546875
0 0.1640625 0.638671875 0.09375 0.09765625
0 0.279296875 0.48828125 0.11328125 0.109375
0 0.380859375 0.392578125 0.06640625 0.07421875
0 0.494140625 0.287109375 0.13671875 0.13671875
0 0.6640625 0.080078125 0.1640625 0.14453125
0 0.703125 0.67578125 0.0625 0.0703125
0 0.818359375 0.572265625 0.04296875 0.07421875
0 0.552734375 0.92578125 0.05859375 0.0546875
0 0.720703125 0.88671875 0.03515625 0.1015625
0 0.919921875 0.849609375 0.05859375 0.05078125
0 0.85546875 0.751953125 0.0390625 0.09765625
0 0.701171875 0.96875 0.05078125 0.0546875
0 0.810546875 0.880859375 0.06640625 0.05859375
0 0.958984375 0.673828125 0.05859375 0.05078125
