0 0.91015625 0.8203125 0.171875 0.0703125
0 0.13671875 0.6171875 0.0546875 0.09375
0 0.05078125 0.427734375 0.0546875 0.05859375
0 0.203125 0.171875 0.0625 0.0859375
0 0.3125 0.072265625 0.0390625 0.07421875
0 0.029296875 0.736328125 0.05859375 0.08984375
0 0.064453125 0.8359375 0.05078125 0.0859375
0 0.234375 0.966796875 0.0703125 0.05859375
0 0.15234375 0.9140625 0.0390625 0.09375
0 0.203125 0.486328125 0.0546875 0.09765625
0 0.212890625 0.392578125 0.05078125 0.09765625
0 0.48828125 0.05078125 0.046875 0.0625
0 0.35546875 0.251953125 0.046875 0.09765625
