0 0.181640625 0.576171875 0.05859375 0.06640625
0 0.29296875 0.54296875 0.0625 0.0703125
0 0.560546875 0.138671875 0.05859375 0.07421875
0 0.505859375 0.33203125 0.07421875 0.1015625
0 0.5 0.443359375 0.0703125 0.08203125
0 0.548828125 0.5859375 0.05859375 0.078125
0 0.591796875 0.763671875 0.06640625 0.12890625
0 0.4609375 0.908203125 0.0546875 0.10546875
0 0.681640625 0.89453125 0.05078125 0.1015625
0 0.765625 0.650390625 0.0546875 0.12109375
0 0.900390625 0.71484375 0.05859375 0.1015625
0 0.970703125 0.87890625 0.05078125 0.09375
0 0.80078125 0.453125 0.0859375 0.1171875
0 0.626953125 0.34375 0.05859375 0.0703125
0 0.65625 0.224609375 0.0625 0.08984375
0 0.7890625 0.296875 0.046875 0.0546875
0 0.8828125 0.306640625 0.0703125 0.05078125
0 0.83984375 0.162109375 0.0546875 0.08203125
0 0.685546875 0.046875 0.05859375 0.0703125
0 0.796875 0.078125 0.078125 0.0625
0 0.91015625 0.05859375 0.0546875 0.078125
