0 0.12890625 0.970703125 0.078125 0.05078125
0 0.17578125 0.646484375 0.0859375 0.10546875
0 0.103515625 0.490234375 0.07421875 0.11328125
0 0.044921875 0.3046875 0.07421875 0.0859375
0 0.16796875 0.169921875 0.0859375 0.07421875
0 0.2578125 0.046875 0.1015625 0.0859375
0 0.14453125 0.03125 0.078125 0.0625
0 0.365234375 0.115234375 0.08984375 0.07421875
0 0.30078125 0.2421875 0.0703125 0.078125
0 0.205078125 0.46875 0.09765625 0.109375
0 0.451171875 0.3828125 0.07421875 0.078125
0 0.50390625 0.2421875 0.078125 0.046875
0 0.8125 0.306640625 0.109375 0.08984375
0 0.701171875 0.494140625 0.08984375 0.08984375
0 0.556640625 0.4296875 0.08203125 0.078125
0 0.916015625 0.494140625 0.08203125 0.08984375
0 0.806640625 0.619140625 0.07421875 0.07421875
0 0.5703125 0.591796875 0.0625 0.05859375
0 0.427734375 0.609375 0.08984375 0.0859375
0 0.318359375 0.759765625 0.05859375 0.09765625
0 0.751953125 0.787109375 0.14453125 0.09765625
0 0.58203125 0.771484375 0.0859375 0.08203125
0 0.353515625 0.875 0.06640625 0.0859375
