0 0.28515625 0.533203125 0.0859375 0.06640625
0 0.408203125 0.45703125 0.08984375 0.1015625
0 0.494140625 0.5234375 0.05859375 0.0625
0 0.6015625 0.421875 0.078125 0.078125
0 0.640625 0.517578125 0.0703125 0.05859375
0 0.75390625 0.5390625 0.109375 0.0859375
0 0.869140625 0.61328125 0.08203125 0.078125
0 0.806640625 0.740234375 0.06640625 0.07421875
0 0.666015625 0.671875 0.08984375 0.078125
0 0.384765625 0.701171875 0.14453125 0.06640625
0 0.546875 0.8046875 0.0859375 0.0859375
0 0.421875 0.828125 0.0703125 0.0859375
0 0.28515625 0.947265625 0.0546875 0.09765625
0 0.712890625 0.95703125 0.09765625 0.078125
0 0.951171875 0.884765625 0.08203125 0.07421875
