0 0.1015625 0.419921875 0.078125 0.07421875
0 0.142578125 0.51953125 0.08203125 0.0703125
0 0.2578125 0.544921875 0.1015625 0.07421875
0 0.369140625 0.61328125 0.08984375 0.0859375
0 0.1640625 0.673828125 0.0859375 0.07421875
0 0.044921875 0.8046875 0.07421875 0.078125
0 0.30859375 0.751953125 0.0546875 0.08203125
0 0.45703125 0.876953125 0.078125 0.08203125
0 0.205078125 0.95703125 0.09765625 0.078125
0 0.810546875 0.806640625 0.08984375 0.07421875
0 0.556640625 0.931640625 0.07421875 0.07421875
