0 0.62890625 0.966796875 0.078125 0.04296875
0 0.384765625 0.66015625 0.06640625 0.09375
0 0.28125 0.451171875 0.0625 0.10546875
0 0.37890625 0.201171875 0.140625 0.07421875
0 0.28515625 0.037109375 0.0859375 0.06640625
0 0.498046875 0.02734375 0.07421875 0.0546875
0 0.646484375 0.029296875 0.08984375 0.05859375
0 0.759765625 0.044921875 0.10546875 0.08203125
0 0.869140625 0.115234375 0.08203125 0.08984375
0 0.6640625 0.173828125 0.09375 0.07421875
0 0.806640625 0.244140625 0.05078125 0.07421875
0 0.41796875 0.333984375 0.0546875 0.08203125
0 0.54296875 0.3046875 0.078125 0.078125
0 0.4375 0.49609375 0.0703125 0.0859375
0 0.595703125 0.482421875 0.08203125 0.10546875
0 0.70703125 0.462890625 0.109375 0.10546875
0 0.951171875 0.3828125 0.08203125 0.0859375
0 0.666015625 0.642578125 0.08203125 0.09765625
0 0.921875 0.611328125 0.0859375 0.08984375
0 0.81640625 0.76171875 0.0625 0.078125
0 0.8515625 0.873046875 0.0703125 0.08203125
