0 0.09375 0.89453125 0.1484375 0.0859375
0 0.560546875 0.732421875 0.08203125 0.05859375
0 0.818359375 0.640625 0.09765625 0.0546875
0 0.958984375 0.5859375 0.05078125 0.1015625
0 0.599609375 0.498046875 0.08203125 0.07421875
0 0.427734375 0.46875 0.10546875 0.046875
0 0.19921875 0.298828125 0.1328125 0.05078125
0 0.322265625 0.26171875 0.08203125 0.0546875
0 0.52734375 0.2578125 0.0859375 0.0546875
0 0.744140625 0.1484375 0.08203125 0.0625
0 0.59375 0.119140625 0.09375 0.05859375
0 0.8671875 0.03515625 0.078125 0.0390625
