0 0.0546875 0.70703125 0.0703125 0.0625
0 0.529296875 0.927734375 0.06640625 0.05859375
0 0.7421875 0.775390625 0.0625 0.05859375
0 0.634765625 0.654296875 0.05078125 0.04296875
0 0.248046875 0.427734375 0.03515625 0.02734375
0 0.052734375 0.630859375 0.05859375 0.03515625
0 0.671875 0.173828125 0.0703125 0.05859375
0 0.48046875 0.072265625 0.0390625 0.04296875
0 0.359375 0.20703125 0.03125 0.0390625
0 0.36328125 0.09375 0.03125 0.03125
0 0.2890625 0.236328125 0.0390625 0.04296875
0 0.19140625 0.396484375 0.0546875 0.03515625
0 0.171875 0.15625 0.03125 0.0390625
0 0.1015625 0.23828125 0.0390625 0.046875
0 0.037109375 0.3046875 0.03515625 0.03125
0 0.056640625 0.4140625 0.03515625 0.0390625
