0 0.302734375 0.541015625 0.07421875 0.03515625
0 0.0859375 0.697265625 0.0546875 0.02734375
0 0.03125 0.51171875 0.0625 0.046875
0 0.478515625 0.333984375 0.05859375 0.03515625
0 0.74609375 0.400390625 0.0390625 0.04296875
0 0.7421875 0.154296875 0.046875 0.01953125
0 0.775390625 0.03125 0.06640625 0.0546875
0 0.607421875 0.64453125 0.08984375 0.0625
0 0.513671875 0.708984375 0.11328125 0.07421875
0 0.404296875 0.783203125 0.10546875 0.08203125
0 0.205078125 0.90625 0.09765625 0.0859375
0 0.08984375 0.962890625 0.1015625 0.06640625
