0 0.43359375 0.923828125 0.0625 0.02734375
0 0.5 0.591796875 0.0625 0.02734375
0 0.62890625 0.232421875 0.0234375 0.04296875
0 0.640625 0.41015625 0.0234375 0.0859375
0 0.583984375 0.744140625 0.02734375 0.07421875
0 0.44140625 0.828125 0.046875 0.03125
0 0.490234375 0.619140625 0.06640625 0.02734375
0 0.484375 0.654296875 0.0859375 0.04296875
0 0.455078125 0.708984375 0.05859375 0.02734375
0 0.455078125 0.7421875 0.07421875 0.03125
0 0.44921875 0.765625 0.0625 0.0390625
0 0.640625 0.705078125 0.0234375 0.07421875
0 0.7109375 0.380859375 0.0390625 0.09765625
