0 0.16015625 0.162109375 0.0546875 0.05859375
0 0.048828125 0.142578125 0.05078125 0.05859375
0 0.015625 0.07421875 0.03125 0.0390625
0 0.263671875 0.02734375 0.05078125 0.046875
0 0.923828125 0.927734375 0.05859375 0.05859375
0 0.447265625 0.70703125 0.06640625 0.0625
0 0.1015625 0.654296875 0.046875 0.03515625
0 0.443359375 0.6328125 0.05859375 0.03125
0 0.162109375 0.52734375 0.05078125 0.046875
0 0.361328125 0.51953125 0.05078125 0.0390625
0 0.587890625 0.390625 0.05078125 0.046875
0 0.4453125 0.412109375 0.0546875 0.03515625
0 0.4296875 0.30078125 0.03125 0.0390625
0 0.498046875 0.23828125 0.04296875 0.046875
0 0.5625 0.16015625 0.03125 0.0390625
0 0.36328125 0.05859375 0.046875 0.03125
0 0.287109375 0.05859375 0.02734375 0.0234375
0 0.681640625 0.236328125 0.03515625 0.03515625
0 0.640625 0.431640625 0.0390625 0.02734375
0 0.748046875 0.2109375 0.03515625 0.03125
0 0.64453125 0.06640625 0.03125 0.03125
0 0.751953125 0.095703125 0.02734375 0.02734375
0 0.87109375 0.076171875 0.0390625 0.04296875
