0 0.775390625 0.779296875 0.04296875 0.08203125
0 0.3046875 0.619140625 0.046875 0.03515625
0 0.10546875 0.544921875 0.03125 0.04296875
0 0.296875 0.130859375 0.03125 0.04296875
0 0.515625 0.1328125 0.0390625 0.0625
0 0.48046875 0.1875 0.046875 0.03125
0 0.6171875 0.076171875 0.0234375 0.04296875
0 0.177734375 0.3828125 0.04296875 0.0234375
0 0.193359375 0.470703125 0.04296875 0.03515625
0 0.26953125 0.458984375 0.03125 0.05078125
0 0.638671875 0.474609375 0.05078125 0.04296875
0 0.486328125 0.373046875 0.05859375 0.04296875
0 0.375 0.353515625 0.046875 0.03515625
