0 0.5 0.86328125 0.0625 0.046875
0 0.9375 0.900390625 0.0625 0.04296875
0 0.90625 0.64453125 0.0703125 0.046875
0 0.95703125 0.462890625 0.0390625 0.02734375
0 0.333984375 0.19921875 0.05078125 0.0390625
0 0.029296875 0.287109375 0.05078125 0.04296875
0 0.04296875 0.185546875 0.0625 0.03515625
0 0.087890625 0.083984375 0.04296875 0.02734375
0 0.291015625 0.046875 0.04296875 0.03125
0 0.20703125 0.11328125 0.0390625 0.03125
0 0.111328125 0.267578125 0.02734375 0.03515625
0 0.19140625 0.064453125 0.0390625 0.03515625
0 0.212890625 0.0078125 0.05859375 0.015625
0 0.431640625 0.060546875 0.01953125 0.03515625
